1714595730 1 650.15 977.457 651.406 988.35 2346 2346 2346 2346 1023.88 768.73 18498.5 16.5132 206.593 14.3385 193.807 4.54476 42.6805 2.56991 37.561 0.06 0.001 0.08 0.001 -0.453129 0.389915 0.388748 -0.50757 0.184442 -0.701702 0.0660868 0.280553 -0.431941 0.255451 0.784842 -0.550513 0.876333 -0.199385 0.134332 1.71306 0 0 1 1 9.46614 46.9765 Camera1-20240502-053528246.png Camera2-20240502-053528301.png Camera3-20240502-053528368.png Camera4-20240502-053528471.png Camera5-20240502-053528528.png Camera6-20240502-053528649.png Camera7-20240502-053529008.png Camera8-20240502-053529313.png
1714595736 1 651.406 988.35 652.967 1000.15 2346 2346 2346 2346 1033.33 787.932 19789.5 16.8151 210.465 14.0794 196.311 4.71246 44.2956 2.47788 38.5381 0.06 0.001 0.08 0.001 -0.453857 0.389146 0.389796 -0.484282 0.176247 -0.704628 0.0695328 0.281487 -0.425437 0.254035 0.786067 -0.548229 0.878958 -0.198386 0.13355 1.71106 0 0 1 0 8.42473 47.4646 Camera1-20240502-053534797.png Camera2-20240502-053534851.png Camera3-20240502-053534919.png Camera4-20240502-053535020.png Camera5-20240502-053535077.png Camera6-20240502-053535196.png Camera7-20240502-053535553.png Camera8-20240502-053535858.png
1714595743 1 652.967 1000.15 654.412 993.816 2346 2346 2346 2346 1041.93 798.916 20611.1 16.7552 212.818 13.8619 201.61 4.67895 45.2916 2.40191 40.6465 0.06 0.001 0.08 0.001 -0.433429 0.389097 0.389323 -0.521047 0.18545 -0.703817 0.0688163 0.276397 -0.437595 0.252854 0.786896 -0.547734 0.866039 -0.196129 0.131779 1.72398 0 0 1 1 5.88335 44.3756 Camera1-20240502-053541446.png Camera2-20240502-053541500.png Camera3-20240502-053541568.png Camera4-20240502-053541671.png Camera5-20240502-053541729.png Camera6-20240502-053541850.png Camera7-20240502-053542210.png Camera8-20240502-053542517.png
1714595750 1 654.412 993.816 655.808 998.443 2346 2346 2346 2346 1035.98 797.246 21715.2 16.5899 210.715 13.9153 191.192 4.58706 44.4008 2.42045 36.5544 0.06 0.001 0.08 0.001 -0.424336 0.392338 0.385901 -0.511428 0.184662 -0.703999 0.0685779 0.282452 -0.42553 0.253473 0.787083 -0.548991 0.866585 -0.210777 0.145844 1.72605 0 0 1 0 13.6147 0 Camera1-20240502-053548107.png Camera2-20240502-053548161.png Camera3-20240502-053548230.png Camera4-20240502-053548334.png Camera5-20240502-053548392.png Camera6-20240502-053548514.png Camera7-20240502-053548876.png Camera8-20240502-053549182.png
1714595756 1 655.808 998.443 657.329 997.533 2346 2346 2346 2346 1036.5 805.185 19615.7 16.788 221.171 14.2773 193.252 4.6973 48.9165 2.54801 37.3461 0.06 0.001 0.08 0.001 -0.436671 0.392069 0.386241 -0.523112 0.181718 -0.704101 0.0692678 0.280988 -0.441674 0.253386 0.786542 -0.540628 0.85873 -0.209902 0.145036 1.72427 0 0 1 1 12.4272 44.4482 Camera1-20240502-053554647.png Camera2-20240502-053554701.png Camera3-20240502-053554770.png Camera4-20240502-053554872.png Camera5-20240502-053554930.png Camera6-20240502-053555052.png Camera7-20240502-053555414.png Camera8-20240502-053555717.png
1714595763 1 657.329 997.533 658.679 995.982 2346 2346 2346 2346 1032.69 805.229 21681.3 16.5535 228.076 14.0407 183.875 4.56696 52.0185 2.46427 33.81 0.06 0.001 0.08 0.001 -0.435366 0.39196 0.386418 -0.514036 0.181015 -0.707485 0.072072 0.282474 -0.429018 0.254406 0.786475 -0.540753 0.858468 -0.218654 0.15423 1.73072 0 0 1 0 8.20385 0 Camera1-20240502-053601167.png Camera2-20240502-053601222.png Camera3-20240502-053601292.png Camera4-20240502-053601395.png Camera5-20240502-053601454.png Camera6-20240502-053601581.png Camera7-20240502-053601945.png Camera8-20240502-053602249.png
1714595769 1 658.868 995.982 660.019 1001.7 2346 2346 2346 2346 1033.1 801.7 20665 16.6665 224.961 13.9799 187.208 4.62952 50.6076 2.44297 35.0467 0.06 0.001 0.08 0.001 -0.426869 0.39252 0.386104 -0.521289 0.179288 -0.708525 0.0731403 0.287905 -0.425943 0.254001 0.787203 -0.544338 0.858142 -0.219352 0.154998 1.73477 0 0 1 0 4.8343 0 Camera1-20240502-053607747.png Camera2-20240502-053607801.png Camera3-20240502-053607871.png Camera4-20240502-053607974.png Camera5-20240502-053608032.png Camera6-20240502-053608154.png Camera7-20240502-053608518.png Camera8-20240502-053608824.png
1714595776 1 660.019 1001.7 661.247 993.455 2346 2346 2346 2346 1038.93 814.248 19716.8 16.8299 220.655 14.2281 187.984 4.72074 48.6887 2.53049 35.3381 0.06 0.001 0.08 0.001 -0.430301 0.392216 0.386533 -0.509297 0.180327 -0.708514 0.0733945 0.286595 -0.427379 0.254691 0.786641 -0.553579 0.862423 -0.2195 0.154495 1.73722 0 0 1 1 8.81692 0 Camera1-20240502-053614317.png Camera2-20240502-053614371.png Camera3-20240502-053614441.png Camera4-20240502-053614544.png Camera5-20240502-053614602.png Camera6-20240502-053614726.png Camera7-20240502-053615087.png Camera8-20240502-053615392.png
1714595782 1 661.247 993.455 662.592 996.456 2346 2346 2346 2346 1053.14 820.034 21648.9 16.6489 214.235 14.0817 187.353 4.61978 45.8966 2.47867 35.1012 0.06 0.001 0.08 0.001 -0.444239 0.391468 0.387282 -0.515487 0.175176 -0.707901 0.0726339 0.284511 -0.435619 0.253832 0.786315 -0.556576 0.868972 -0.204819 0.140102 1.71679 0 0 1 0 8.53837 0 Camera1-20240502-053620867.png Camera2-20240502-053620920.png Camera3-20240502-053620990.png Camera4-20240502-053621094.png Camera5-20240502-053621152.png Camera6-20240502-053621276.png Camera7-20240502-053621641.png Camera8-20240502-053621946.png
1714595789 1 662.592 996.456 664.204 999.314 2346 2346 2346 2346 1042.85 821.262 21344.7 16.9696 228.671 14.0831 181.055 4.79946 52.2906 2.47915 32.7808 0.06 0.001 0.08 0.001 -0.437019 0.391055 0.38774 -0.502356 0.181104 -0.707446 0.0725648 0.290406 -0.420572 0.252767 0.787039 -0.541276 0.870056 -0.204846 0.140008 1.72782 0 0 1 0 11.6044 0 Camera1-20240502-053627417.png Camera2-20240502-053627472.png Camera3-20240502-053627543.png Camera4-20240502-053627647.png Camera5-20240502-053627705.png Camera6-20240502-053627829.png Camera7-20240502-053628193.png Camera8-20240502-053628499.png
